1
2
3
4
5
6
7
9
11
12
13
15
16
18
20
21
23
24
29
31
32
33
35
37
41
43
46
47
51
55
56
57
60
61
62
63
64
65
68
70
71
72
75
76
77
78
84
85
89
92
98
99
100
101
102
105
106
110
111
113
114
115
116
117
119
120
122
123
126
128
129
132
133
134
137
140
141
145
148
150
152
155
156
157
158
160
162
163
165
169
174
175
179
180
181
183
186
187
191
192
193
196
197
209
211
219
221
224
227
229
230
231
232
233
235
238
246
250
255
257
260
264
267
268
270
271
274
277
280
281
282
286
287
289
290
291
293
297
299
304
305
309
310
311
313
314
323
325
328
329
331
332
335
338
339
340
345
346
352
353
354
357
358
359
360
369
370
371
372
374
377
378
380
381
383
384
385
387
390
394
395
397
398
401
406
407
408
411
412
413
419
421
422
423
428
435
437
438
439
440
442
444
445
452
454
458
460
461
462
463
464
466
469
471
473
475
481
482
483
484
486
487
489
492
493
499
506
510
512
516
520
522
524
525
526
528
532
533
537
540
544
547
550
559
560
561
562
564
565
566
567
568
569
570
571
572
573
574
578
579
581
583
588
590
596
601
604
610
611
612
613
614
616
617
622
624
627
628
634
638
644
645
646
652
653
656
657
659
663
669
671
672
675
677
679
680
687
694
696
697
700
703
704
706
707
708
709
710
711
715
716
721
723
724
725
727
729
731
734
736
739
740
744
745
747
748
750
754
755
758
762
763
767
769
772
775
776
783
786
788
791
795
801
802
803
804
805
810
811
813
814
816
819
823
825
829
831
834
837
838
839
841
842
843
844
848
849
853
854
856
860
861
862
863
864
865
868
869
873
874
875
877
879
880
882
885
887
891
893
897
898
900
903
904
905
906
909
913
915
917
919
921
922
924
927
928
930
935
936
941
943
945
946
949
951
954
955
956
957
960
962
964
965
974
980
983
984
985
987
991
1002
1006
1008
1009
1010
1011
1013
1016
1024
1029
1030
1032
1038
1039
1040
1041
1042
1046
1048
1050
1051
1052
1054
1056
1057
1058
1059
1061
1070
1071
1077
1078
1079
1081
1083
1086
1088
1089
1096
1097
1098
1099
1100
1103
1104
1105
1109
1113
1115
1116
1121
1127
1129
1131
1132
1133
1139
1143
1144
1148
1154
1156
1158
1159
1161
1162
1163
1166
1167
1179
1180
1181
1182
1185
1186
1188
1191
1192
1193
1194
1195
1196
1199
1201
1204
1206
1207
1208
1210
1214
1215
1217
1221
1223
1229
1231
1234
1236
1237
1240
1247
1256
1257
1258
1260
1261
1264
1266
1267
1268
1269
1270
1272
1279
1283
1285
1293
1294
1297
1304
1306
1307
1308
1310
1311
1314
1318
1319
1321
1323
1325
1326
1329
1332
1335
1336
1338
1339
1342
1347
1348
1349
1351
1371
1373
1374
1380
1383
1392
1397
1398
1403
1417
1419
1420
1421
1422
1429
1430
1432
1434
1435
1441
1449
1451
1453
1459
1464
1470
1475
1481
1485
1490
1495
1498
1504
1505
1507
1509
1518
1519
1521
1525
1531
1533
1535
1536
1543
1546
1547
1548
1550
1551
1552
1555
1556
1558
1560
1564
1571
1572
1573
1574
1577
1585
1586
1587
1590
1591
1593
1594
1595
1597
1600
1602
1610
1614
1616
1618
1621
1622
1624
1625
1630
1636
1639
1640
1641
1644
1650
1651
1659
1660
1663
1665
1669
1670
1672
1678
1690
1701
1705
1706
1709
1712
1720
1721
1722
1726
1727
1735
1740
1741
1744
1745
1748
1753
