10
35
36
37
38
39
40
50
51
57
66
73
75
77
94
96
97
104
114
118
127
131
133
139
143
149
152
159
160
164
171
176
177
179
184
188
197
198
199
200
210
213
214
221
227
233
237
245
251
263
268
269
284
292
312
313
323
330
333
337
344
346
351
358
363
364
365
366
372
375
377
380
382
388
393
400
401
405
406
408
410
416
419
427
439
442
443
446
447
448
449
453
455
456
458
470
474
492
496
505
511
513
515
523
529
537
541
544
546
550
551
554
567
575
576
580
582
583
585
587
590
592
596
597
603
605
608
609
616
619
622
623
625
626
632
636
637
640
648
651
654
661
662
664
668
671
680
687
693
697
704
706
707
709
711
713
720
725
727
729
732
733
734
737
741
743
746
747
750
753
777
781
783
787
789
791
792
793
795
800
804
806
807
808
817
820
825
829
835
845
854
862
870
871
872
874
876
887
888
890
894
896
899
902
906
907
910
912
913
920
923
925
928
931
934
941
944
948
958
972
980
981
982
992
1001
1005
1013
1016
1019
1020
1027
1037
1042
1044
1055
1063
1065
1066
1068
1073
1074
1075
1082
1084
1088
1090
1092
1094
1104
1106
1110
1111
1117
1128
1131
1134
1145
1148
1149
1154
1155
1157
1158
1160
1163
1164
1165
1176
1181
1190
1195
1203
1204
1206
1207
1211
1213
1215
1219
1220
1231
1243
1245
1248
1249
1254
1255
1261
1262
1266
1272
1273
1287
1288
1291
1298
1300
1305
1306
1309
1311
1315
1321
1324
1325
1331
1332
1334
1335
1336
1340
1343
1352
1361
1362
1367
1371
1376
1377
1378
1385
1389
1391
1392
1404
1410
1412
1416
1418
1426
1437
1438
1442
1444
1447
1449
1453
1456
1458
1462
1465
1471
1473
1478
1479
1487
1494
1505
1510
1514
1515
1517
1518
1523
1525
1528
1531
1535
1539
1540
1541
1543
1546
1551
1556
1559
1564
1566
1578
1581
1582
1583
1586
1594
1601
1605
1621
1623
1635
1641
1642
1648
1649
1653
1656
1667
1676
1677
1680
1681
1682
1685
1690
1701
1706
1709
1713
1718
1728
1730
1733
1735
1744
1745
1747
1764
