4
18
21
29
46
64
71
84
92
101
105
110
115
126
128
137
140
141
145
148
150
155
174
183
187
191
196
209
211
219
230
238
246
250
255
264
287
290
304
305
309
314
325
326
329
331
352
359
360
362
369
370
381
385
387
390
411
412
423
428
437
440
444
452
454
461
462
464
481
482
483
484
486
487
499
510
512
516
522
524
526
528
540
547
560
561
562
568
569
570
572
573
588
611
613
624
627
628
644
645
652
653
656
669
672
675
677
679
696
708
715
716
723
724
736
744
754
758
762
763
767
769
786
801
805
816
819
834
839
843
844
848
856
860
863
864
868
877
891
893
903
915
930
945
951
954
957
960
974
985
991
1006
1008
1009
1010
1011
1030
1032
1038
1039
1040
1048
1054
1056
1057
1059
1061
1070
1071
1079
1081
1083
1089
1099
1100
1103
1113
1115
1121
1127
1143
1156
1159
1162
1166
1167
1179
1180
1182
1188
1191
1194
1199
1208
1214
1217
1221
1237
1240
1247
1256
1268
1270
1279
1283
1293
1294
1297
1304
1308
1310
1323
1329
1338
1339
1342
1347
1349
1380
1417
1419
1420
1421
1422
1434
1435
1441
1451
1459
1464
1470
1485
1490
1504
1521
1533
1536
1547
1548
1552
1558
1560
1571
1585
1587
1597
1600
1602
1614
1622
1625
1640
1651
1663
1669
1670
1678
1705
1712
1720
1721
1722
1726
1727
1740
1741
1753
