1
2
3
5
7
9
11
12
13
15
16
20
23
31
32
33
41
43
47
55
56
60
61
62
63
65
70
72
76
78
85
98
99
100
102
106
113
116
117
119
120
122
123
129
132
134
156
157
162
163
165
169
175
180
181
186
192
193
224
229
231
232
235
257
267
271
274
277
280
282
286
289
291
293
297
299
310
311
328
332
335
338
339
340
345
353
354
357
371
374
378
383
384
394
395
397
398
407
413
421
422
435
438
445
460
463
466
471
473
475
489
493
506
520
525
532
533
559
564
565
566
571
574
579
581
595
601
604
610
612
633
634
638
646
657
659
663
694
700
703
710
721
739
740
745
755
772
775
776
802
803
810
811
813
814
823
837
838
841
842
849
853
861
865
869
873
875
879
880
882
885
897
898
900
904
905
909
917
919
921
922
927
935
936
943
949
955
956
962
964
965
984
987
1002
1003
1024
1029
1041
1046
1050
1051
1058
1077
1078
1086
1096
1097
1098
1105
1109
1116
1132
1133
1139
1144
1161
1185
1186
1192
1196
1201
1210
1223
1229
1234
1236
1257
1258
1260
1267
1269
1285
1314
1318
1319
1326
1348
1373
1374
1383
1397
1398
1403
1429
1430
1475
1481
1495
1498
1507
1509
1519
1550
1572
1573
1574
1577
1593
1595
1616
1624
1630
1636
1637
1639
1644
1650
1659
1660
1665
1672
1748
