1
2
3
4
5
7
9
11
12
13
15
16
18
20
21
23
29
31
32
33
41
43
46
47
55
56
60
61
62
63
64
65
70
71
72
76
78
84
85
92
98
99
100
101
102
105
106
110
113
115
116
117
119
120
122
123
126
128
129
132
134
137
140
141
145
148
150
155
156
157
162
163
165
169
174
175
180
181
183
186
187
191
192
193
196
209
211
219
224
229
230
231
232
235
238
246
250
255
257
264
267
271
274
277
280
282
286
287
289
290
291
293
297
299
304
305
309
310
311
314
325
326
328
329
331
332
335
338
339
340
345
352
353
354
357
359
360
362
369
370
371
374
378
381
383
384
385
387
390
394
395
397
398
407
411
412
413
421
422
423
428
435
437
438
440
444
445
452
454
460
461
462
463
464
466
471
473
475
481
482
483
484
486
487
489
493
499
506
510
512
516
520
522
524
525
526
528
532
533
540
547
559
560
561
562
564
565
566
568
569
570
571
572
573
574
579
581
588
595
601
604
610
611
612
613
624
627
628
633
634
638
644
645
646
652
653
656
657
659
663
669
672
675
677
679
694
696
700
703
708
710
715
716
721
723
724
736
739
740
744
745
754
755
758
762
763
767
769
772
775
776
786
801
802
803
805
810
811
813
814
816
819
823
834
837
838
839
841
842
843
844
848
849
853
856
860
861
863
864
865
868
869
873
875
877
879
880
882
885
891
893
897
898
900
903
904
905
909
915
917
919
921
922
927
930
935
936
943
945
949
951
954
955
956
957
960
962
964
965
974
984
985
987
991
1002
1003
1006
1008
1009
1010
1011
1024
1029
1030
1032
1038
1039
1040
1041
1046
1048
1050
1051
1054
1056
1057
1058
1059
1061
1070
1071
1077
1078
1079
1081
1083
1086
1089
1096
1097
1098
1099
1100
1103
1105
1109
1113
1115
1116
1121
1127
1132
1133
1139
1143
1144
1156
1159
1161
1162
1166
1167
1179
1180
1182
1185
1186
1188
1191
1192
1194
1196
1199
1201
1208
1210
1214
1217
1221
1223
1229
1234
1236
1237
1240
1247
1256
1257
1258
1260
1267
1268
1269
1270
1279
1283
1285
1293
1294
1297
1304
1308
1310
1314
1318
1319
1323
1326
1329
1338
1339
1342
1347
1348
1349
1373
1374
1380
1383
1397
1398
1403
1417
1419
1420
1421
1422
1429
1430
1434
1435
1441
1451
1459
1464
1470
1475
1481
1485
1490
1495
1498
1504
1507
1509
1519
1521
1533
1536
1547
1548
1550
1552
1558
1560
1571
1572
1573
1574
1577
1585
1587
1593
1595
1597
1600
1602
1614
1616
1622
1624
1625
1630
1636
1637
1639
1640
1644
1650
1651
1659
1660
1663
1665
1669
1670
1672
1678
1705
1712
1720
1721
1722
1726
1727
1740
1741
1748
1753
